8
0.0 0.0824 0.3295 0.5308 0.5314 0.6002 0.7628 0.4182
0.0824 0.0 0.6047 0.6278 0.9288 0.4613 0.5796 0.4168
0.3295 0.6047 0.0 0.5875 0.524 0.3121 0.6333 0.7437
0.5308 0.6278 0.5875 0.0 0.5915 0.7276 0.1532 0.5432
0.5314 0.9288 0.524 0.5915 0.0 0.5587 0.3847 0.4977
0.6002 0.4613 0.3121 0.7276 0.5587 0.0 0.7677 0.6222
0.7628 0.5796 0.6333 0.1532 0.3847 0.7677 0.0 0.4185
0.4182 0.4168 0.7437 0.5432 0.4977 0.6222 0.4185 0.0
